1000
1006
1012
1016
1017
1045
1055
1060
1063
1064
1087
1094
1109
1111
1126
1128
1130
1134
1137
1146
1150
1173
1189
1196
1205
1212
1235
1245
1249
1250
1252
1254
1259
1265
1266
1286
1294
1304
1307
1320
1326
1334
1347
1367
1377
1390
1397
1403
1417
1424
1426
1433
1435
1436
1445
1461
1480
1498
1505
1512
1528
1531
1542
1545
1547
1551
1557
1558
1559
1562
1585
1586
1596
1601
1603
1605
1615
1616
1619
1620
1644
1645
1646
1650
1652
1668
1672
1674
1679
1687
1692
1712
1714
1722
1723
1724
1733
1740
1752
1756
1761
1768
1793
1795
1799
1801
1808
1810
1818
1831
1850
1851
1875
1878
1881
1886
1891
1892
1895
1898
1943
1950
1952
1963
1969
1970
1978
1981
1997
1999
2000
2017
2019
2020
2024
2057
2060
2084
2089
2091
2151
2163
2203
2204
2205
2215
2220
2222
2227
2230
2232
2237
2242
2268
2276
2278
2285
2286
2287
2288
2300
2301
2306
2308
2314
2315
2320
2350
2361
2387
2389
2399
2401
2431
2439
2446
2458
2495
2496
2534
2536
2540
2546
2555
2563
2578
2595
2596
2598
2600
2608
2620
2621
2633
2641
2668
2687
2689
2694
2701
2705
2717
2719
2740
2753
2762
2763
2765
2778
2781
2812
2826
2834
2853
2856
2858
2862
2868
2869
2872
2875
2885
2897
2922
2942
2954
2957
2970
2977
2982
2990
2995
3010
3014
3017
3020
3021
3026
3030
3037
3040
3062
3080
3084
3085
3086
3095
3105
3110
3119
3120
3127
3148
3155
3170
3187
3190
3201
3202
3205
3210
3218
3229
3256
3257
3258
3264
3265
3268
3275
3283
3295
3316
3329
3340
3348
3350
3363
3365
3404
3432
3434
3437
3442
3450
3460
3461
3485
3491
3512
3513
3519
3525
3527
3530
3531
3533
3550
3559
3563
3569
3573
3579
3588
3602
3604
3605
3606
3619
3636
3643
3647
3649
3652
3656
3661
3678
3689
3696
3703
3711
3732
3733
3749
3758
3763
3780
3794
3800
3803
3812
3843
3850
3877
3881
3893
3900
3902
3903
3905
3906
3913
3915
3920
3925
3927
3939
3948
3959
3964
3976
3982
3985
3989
3998
4007
4011
4017
4035
4042
4046
4051
4065
4068
4091
4093
4095
4097
4103
4111
4117
4128
4148
4156
4158
4165
4170
4178
4179
4180
4198
4200
4215
4234
4235
4252
4268
4271
4283
4312
4342
4349
4354
4356
4369
4396
4398
4399
4407
4408
4420
4423
4463
4464
4465
4484
4488
4493
4519
4530
4533
4542
4547
4555
4558
4560
4568
4573
4576
4577
4578
4580
4614
4615
4617
4622
4640
4642
4643
4691
4692
4693
4707
4714
4732
4740
4741
4746
4763
4766
4788
4794
4795
4800
4818
4819
4827
4833
4850
4865
4868
4870
4885
4886
4887
4891
4900
4901
4902
4915
4918
4921
4924
4925
4926
4929
4961
4983
4994
4995
4997
4998
5004
5019
5021
5035
5036
5037
5046
5067
5068
5079
5085
5086
5102
5103
5117
5130
5134
5139
5147
5164
5192
5202
5217
5224
5226
5229
5238
5241
5242
5247
5255
5256
5257
5258
5260
5263
5264
5270
5271
5278
5282
5291
5300
5301
5320
5321
5327
5340
5346
5351
5365
5370
5376
5383
5393
5396
5401
5427
5430
5442
5457
5458
5467
5469
5470
5476
5478
5491
5499
5500
5510
5516
5518
5523
5551
5558
5569
5583
5584
5601
5603
5604
5606
5628
5718
5720
5724
5726
5758
5763
5766
5773
5783
5784
5786
5788
5797
5798
5809
5811
5815
5824
5828
5835
5836
5851
5858
5866
5867
5877
5881
5886
5889
5890
5891
5908
5909
5918
5929
5937
5954
5976
5990
5992
6003
6011
6022
6024
6032
6039
6059
6102
6103
6104
6120
6122
6139
6140
6152
6157
6168
6173
6185
6191
6193
6220
6221
6229
6238
6246
6255
6266
6270
6271
6275
6286
6288
6296
6303
6320
6322
6323
6324
6333
6339
6363
6364
6372
6403
6439
6445
6451
6457
6463
6475
6476
6515
6520
6541
6569
6588
6589
6591
6592
6600
6607
6608
6612
6616
6621
6627
6637
6645
6660
6664
6669
6675
6677
6678
6683
6685
6695
6696
6699
6704
6713
6720
6726
6738
6745
6758
6762
6769
6771
6775
6846
6856
6857
6882
6886
6889
6905
6906
6908
6929
6938
6942
6995
7007
7011
7013
7028
7081
7093
7098
7105
7122
7135
7148
7162
7194
7202
7217
7221
7223
7226
7232
7235
7242
7245
7248
7254
7262
7302
7319
7329
7342
7343
7367
7374
7381
7389
7397
7399
7409
7418
7431
7455
7458
7475
7477
7478
7483
7484
7506
7508
7509
7510
7513
7515
7539
7542
7551
7565
7592
7604
7614
7623
7642
7645
7650
7655
7687
7688
7707
7717
7740
7743
7780
7806
7809
7823
7831
7837
7850
7860
7864
7866
7875
7887
7905
7906
7909
7911
7928
7943
7954
7964
7967
7968
7982
7988
7989
7992
7998
8003
8004
8011
8025
8038
8048
8063
8069
8084
8112
8123
8130
8143
8147
8158
8167
8168
8180
8182
8189
8198
8203
8207
8237
8247
8262
8265
8267
8270
8274
8275
8276
8277
8284
8290
8301
8321
8325
8331
8353
8354
8362
8365
8374
8379
8385
8390
8396
8404
8416
8428
8433
8437
8443
8447
8473
8483
8493
8505
8518
8528
8537
8548
8550
8555
8559
8565
8577
8582
8584
8586
8620
8626
8645
8647
8651
8654
8658
8665
8671
8679
8682
8685
8700
8703
8709
8713
8715
8718
8721
8744
8750
8754
8770
8775
8785
8787
8792
8797
8811
8815
8826
8853
8868
8889
8891
8898
8899
8905
8922
8927
8930
8946
8954
8956
8957
8969
8979
9009
9020
9061
9108
9111
9119
9133
9147
9148
9163
9165
9167
9183
9187
9188
9197
9208
9211
9225
9263
9277
9279
9282
9296
9304
9311
9355
9359
9394
9396
9404
9417
9425
9426
9431
9438
9442
9448
9450
9452
9473
9488
9505
9506
9507
9537
9561
9581
9584
9593
9596
9608
9631
9635
9641
9647
9653
9665
9676
9689
9694
9703
9715
9732
9744
9745
9757
9785
9811
9822
9826
9832
9833
9838
9895
9898
9918
9927
9931
9935
9936
9958
9970
9975
9976
